[4.2, 8.8, 3.7] -> [5.7, 8.1, 1.6] : 1.3665963997027555
[4.2, 8.8, 3.7] -> [6.2, 5.7, 1.6] : 1.8968451519536904
[4.2, 8.8, 3.7] -> [6.2, 8.1, 2.1] : 1.9116790754528281
[4.2, 8.8, 3.7] -> [6.2, 8.2, 2.1] : 1.9116790754528281
[6.2, 5.7, 1.6] -> [11.5, 5.7, 2.0] : 0.9453600492375026
[6.2, 5.7, 1.6] -> [14.6, 7.1, 3.2] : 1.0482011139545386
[6.2, 5.7, 1.7] -> [11.5, 5.7, 2.0] : 0.931591316873468
[6.2, 3.1, 2.3] -> [11.5, 5.7, 2.0] : 0.7814750171357505
[6.2, 3.1, 2.3] -> [11.2, 7.8, 1.7] : 1.033956903613474
[6.2, 3.1, 2.3] -> [11.1, 7.7, 1.6] : 1.0506308658727084
[6.2, 3.2, 2.3] -> [11.5, 5.7, 2.0] : 0.7829134131405877
[6.2, 3.2, 2.3] -> [14.2, 4.7, 1.7] : 0.9360568784561561
[6.2, 3.2, 2.3] -> [14.2, 4.7, 1.6] : 0.9562039588208847
[11.5, 5.7, 2.0] -> [7.6, 10.6, 2.1] : 1.0990957147073819
