XYZ Coordinates of the points in the MST:
Point (62.0, 31.0, 23.0): (62.00, 31.00, 23.00)
Point (115.0, 57.0, 20.0): (115.00, 57.00, 20.00)
Cost: 0.78
Point (62.0, 32.0, 23.0): (62.00, 32.00, 23.00)
Point (115.0, 57.0, 20.0): (115.00, 57.00, 20.00)
Cost: 0.78
Point (62.0, 57.0, 17.0): (62.00, 57.00, 17.00)
Point (115.0, 57.0, 20.0): (115.00, 57.00, 20.00)
Cost: 0.93
Point (142.0, 47.0, 17.0): (142.00, 47.00, 17.00)
Point (62.0, 32.0, 23.0): (62.00, 32.00, 23.00)
Cost: 0.94
Point (62.0, 57.0, 16.0): (62.00, 57.00, 16.00)
Point (115.0, 57.0, 20.0): (115.00, 57.00, 20.00)
Cost: 0.95
Point (142.0, 47.0, 16.0): (142.00, 47.00, 16.00)
Point (62.0, 32.0, 23.0): (62.00, 32.00, 23.00)
Cost: 0.96
Point (112.0, 78.0, 17.0): (112.00, 78.00, 17.00)
Point (62.0, 31.0, 23.0): (62.00, 31.00, 23.00)
Cost: 1.03
Point (62.0, 57.0, 16.0): (62.00, 57.00, 16.00)
Point (146.0, 71.0, 32.0): (146.00, 71.00, 32.00)
Cost: 1.05
Point (111.0, 77.0, 16.0): (111.00, 77.00, 16.00)
Point (62.0, 31.0, 23.0): (62.00, 31.00, 23.00)
Cost: 1.05
Point (76.0, 106.0, 21.0): (76.00, 106.00, 21.00)
Point (115.0, 57.0, 20.0): (115.00, 57.00, 20.00)
Cost: 1.10
Point (42.0, 88.0, 37.0): (42.00, 88.00, 37.00)
Point (57.0, 81.0, 16.0): (57.00, 81.00, 16.00)
Cost: 1.37
Point (62.0, 57.0, 16.0): (62.00, 57.00, 16.00)
Point (42.0, 88.0, 37.0): (42.00, 88.00, 37.00)
Cost: 1.90
Point (62.0, 82.0, 21.0): (62.00, 82.00, 21.00)
Point (42.0, 88.0, 37.0): (42.00, 88.00, 37.00)
Cost: 1.91
Point (62.0, 81.0, 21.0): (62.00, 81.00, 21.00)
Point (42.0, 88.0, 37.0): (42.00, 88.00, 37.00)
Cost: 1.91
